Time Stamp,Infected,Dead,Recovered,Susceptible
0,1,0,0,99
0.5,1,0,0,99
1,1,0,0,99
1.5,2,0,0,98
2,7,0,0,93
2.5,11,0,0,89
3,19,0,0,81
3.5,25,0,0,75
4,44,0,0,56
4.5,54,0,0,46
5,64,0,0,36
5.5,74,0,0,26
6,79,0,0,21
6.5,83,0,0,17
7,85,0,0,15
7.5,88,0,0,12
8,88,0,0,12
8.5,94,0,0,6
9,94,0,0,6
9.5,97,0,0,3
10,98,0,0,2
10.5,99,0,0,1
11,100,0,0,0
11.5,100,0,0,0
12,99,0,1,0
12.5,99,0,1,0
13,99,0,1,0
13.5,98,0,2,0
14,92,1,7,0
14.5,87,1,12,0
